num_shorted: 33.0
num_zeros: 29.0
returns_var: 0.00038
returns_cov: 0.00013
